315
316
202
196
198
200
317
322
164
319
324
165
169
195
181
182
169
251
268
269
270
315
316
197
253
199
255
201
257
320
325
202
196
198
200
317
322
319
324
195
251
197
253
199
255
201
257
320
325
173
175
168
321
326
248
315
316
202
196
198
200
317
322
319
324
195
251
197
253
199
255
201
257
320
325
321
326
248
248
248
248
249
248
248
256
250
252
254
248
174
176
168
248
256
250
252
254
248
256
250
252
254
248
248
249
248
248
248
256
250
252
254
321
326
248
248
190
192
303
309
305
311
243
189
245
191
247
306
312
173
175
168
240
240
240
241
240
240
246
244
242
240
174
176
168
248
256
250
252
254
248
240
246
244
242
240
246
244
242
240
240
241
240
240
240
246
244
242
307
313
240
188
244
190
246
192
308
314
187
190
192
303
309
305
311
243
189
245
191
247
306
312
173
175
168
240
240
240
241
240
240
246
244
242
240
174
176
168
248
256
250
252
254
248
240
246
244
242
240
240
246
244
242
240
246
244
242
240
240
241
240
240
240
246
244
242
307
313
240
188
244
190
246
192
308
314
187
291
297
292
298
170
168
246
246
293
299
295
301
296
302
273
274
246
275
276
244
273
274
246
275
276
244
289
290
259
265
263
261
267
273
274
246
275
276
244
273
274
246
275
276
244
289
290
259
265
263
261
267
260
264
262
